6.02515294496 1.3523433926 6.39092899821 16.375641868 1
9.49016732168 19.5842062322 0.602753060119 18.6440272905 0
3.77427535666 3.01499324165 7.33177267003 12.1882106705 1
6.51791655664 15.9310123159 6.80835079925 12.8027736835 0
1.93043932223 8.56469643294 9.75192839935 16.1339205102 1
2.19755376994 18.0934727096 2.42993251574 18.4955791303 0
0.65194563494 7.57434864923 0.87179921707 19.0913218632 1
0.841875741347 17.7688468404 3.75998885536 18.6055492261 0
5.69674229747 3.32174548062 9.73688465372 16.2232140187 1
0.413721827995 13.8502186442 5.36910090403 13.1902434519 0
3.73865701673 9.95956631442 3.08360962572 20.5505043696 1
6.95074222194 15.9506554399 3.16239873661 11.9672200171 0
8.08436716793 9.89306249144 7.58012913354 15.2385963956 1
7.90926491524 12.7013081309 0.569168269362 14.8336668879 0
7.03166400839 9.44405530837 0.169560012215 15.886421818 1
9.31500121914 20.136596378 7.67819869954 13.2144750922 0
0.749298844616 4.715563922 8.99400516285 18.4853730316 1
1.04016494506 17.2837566142 9.23315270189 11.053730258 0
4.01737450377 5.97487621876 6.66942088501 20.4432210747 1
4.69174932441 15.9064670131 0.16108410163 11.9289037926 0
9.04636580955 7.98465127851 1.78506283072 17.0401914753 1
5.78413962563 17.3759035306 1.67658782654 11.9915701068 0
9.13636790097 7.42365074245 9.87021120352 20.2818273519 1
7.40400875004 19.7886218565 2.12721672506 19.4787347075 0
4.93109758748 9.61644443245 6.70130055767 14.3292135676 1
4.22268159698 18.0940034119 6.78485929016 13.7317307455 0
3.82077432474 3.48254413618 1.89297048068 17.3608556049 1
4.9171475927 15.5494540532 1.89198604873 17.6721755785 0
4.05147800705 4.81051251063 6.05233797072 20.9558962686 1
8.41106732124 11.8071922055 7.36938421458 19.1107153601 0
0.349902534558 5.69318515649 3.63471128594 17.785059299 1
1.72739309092 15.5148683369 9.48938592718 18.5699842735 0
0.549208523284 4.67348746255 0.182305747469 19.1010706999 1
5.51702675155 11.8828784089 6.09247035593 17.7657302957 0
1.18445442318 7.25695601199 6.30201399857 11.2902025596 1
3.73997003193 13.7310576142 1.45613806673 14.2497684209 0
4.53894944789 1.8774248148 2.00666698742 15.3549592504 1
9.10897423198 16.4740141569 0.331262025373 16.4432120223 0
9.6419692542 7.81979582928 8.22355374683 11.1724306489 1
0.197878548906 15.4181216009 0.369068448716 15.8440822996 0
2.91431891984 3.75232578755 4.02547613218 19.4494835253 1
7.91039992442 12.5973534456 1.03857892795 16.2782836324 0
6.88498910909 7.91209718494 7.25574751463 19.7821237391 1
9.15938633482 20.1155888672 1.19012778563 20.3413324718 0
5.90685012452 7.42173989767 8.74398597726 20.1078833064 1
5.96832212618 19.0979963481 7.68302631004 11.6027060367 0
0.723872370251 1.068631567 0.400884793717 20.9464706994 1
4.94598247432 20.7662793493 4.29323781474 11.6095361409 0
1.51812919766 9.73956886827 4.14393052818 17.7616031518 1
3.31112416073 13.2832096714 1.01637015977 14.9372665469 0
0.0704116060137 5.96587856622 2.39812888967 14.7154021755 1
6.54384396073 12.381197085 8.770369868 13.6490748842 0
0.137629058763 9.78001563787 0.89370073499 20.9174286581 1
5.79518964589 15.5344279 8.23179201367 20.1499899531 0
4.96081344394 9.04610500019 7.46916821778 15.089557842 1
4.58987030898 17.9029967083 6.33297106677 16.5494765432 0
5.194380884 1.76961792911 0.448550092885 20.0123302743 1
4.91997244542 14.2599300015 5.71862831656 13.2519158276 0
2.00785226102 5.5019459572 7.3368309931 19.7344158413 1
8.30577241438 15.2776539394 0.0907603213799 20.4976879337 0
0.810791507212 7.4688528109 5.32590196865 15.9052127098 1
4.85906499581 16.8448646496 0.225072037564 11.055906165 0
9.81464694481 8.26643118498 6.06896664928 11.0958597617 1
4.82821502372 20.71814647 3.63454289585 18.2663074724 0
1.04402668821 0.58151112077 6.93376888503 17.6676795945 1
9.06235879158 11.6300402358 9.04917656551 17.7654115805 0
6.32967437117 6.89214556748 8.07084723084 11.3599138089 1
2.37111090371 18.1975097604 1.13133925217 16.4905858117 0
0.309924020605 8.77636197175 2.64365802291 16.6870144109 1
8.33516449458 18.5522328481 5.5738073953 18.9504823702 0
1.32885340387 2.7688014605 0.596427925152 16.7162798051 1
1.90632374978 11.746456145 2.24111191672 15.7216866105 0
3.32654311229 0.920461544232 2.13960870684 11.5405731603 1
8.737783253 17.8292710068 8.20936647493 17.7052169992 0
5.93040398144 4.13857309655 6.59972376554 14.7621935844 1
3.79214737359 12.007838488 4.83357448493 14.331218939 0
6.15368461223 6.31756969223 8.67867777957 11.4057641932 1
1.88604332038 18.0033136353 0.989186639756 18.9737753761 0
5.10208277992 5.22386194758 4.15650803634 20.04712616 1
1.14521432046 16.7854774588 6.00210109565 11.9628034952 0
7.38524020631 8.68142542422 3.84225347789 18.0494815024 1
4.68779699196 17.5930781338 6.50929125602 16.6592748918 0
0.013815371744 1.51222340189 0.290031042288 11.3911674002 1
8.85460376478 15.8441250077 0.172383295905 19.3767262294 0
0.248478491159 1.59292960355 6.9184800815 14.0456216895 1
7.26037703277 14.0164376343 0.761742170491 11.1771533701 0
7.42975662251 5.54395507185 2.85019472941 16.4216824868 1
3.34755402306 20.1857761542 6.2831828929 12.2784755725 0
4.76595319178 5.18614025218 3.01380797219 11.8898598259 1
8.32862025233 16.8428205425 9.69676012888 18.4224874502 0
7.9069964656 8.07329038148 8.31842436917 17.1498123652 1
7.93471579045 17.8673815366 8.47338421201 17.1921795413 0
3.76988288974 7.17751064602 0.623189230488 17.1932841196 1
1.44651073415 17.5114725191 6.70779365781 14.0916965448 0
7.48134664342 4.72357829882 5.18354867224 14.0596567392 1
2.13532641226 17.4436331676 1.59826875865 12.6704694069 0
6.17014353009 5.15550078269 3.96363955996 14.8923946371 1
4.58118016225 15.6079506202 2.90122971618 11.127168265 0
3.29791971614 7.91526382262 6.00723791739 15.0953217669 1
2.51971181189 16.0319509285 0.495022384524 18.9669522779 0
2.7780855484 9.30953245225 1.48814390488 12.4362243389 1
7.39293505986 15.7660931444 2.17034177834 13.4756500382 0
6.23933699622 7.80450533666 4.0277613178 19.5029791985 1
2.33223486071 17.8891217643 1.27787882257 17.8666619772 0
7.76184587163 4.00121719113 0.160520663621 11.4278043993 1
3.03241718468 17.2382515278 3.78803617284 17.4877446183 0
5.38618795209 0.606480203388 7.0391840893 16.7850292954 1
5.28703575645 20.6672571583 1.94269720944 15.6420555133 0
3.71843959874 0.586960676502 2.58541952709 15.0574696318 1
5.2879030546 20.4135707843 1.78373267353 14.2592995726 0
4.52621281109 3.29276017669 9.82021326283 13.1141646696 1
7.64255327833 16.4528113973 5.83521115895 13.6808035063 0
5.60054031504 8.74162327281 4.07521106707 18.9313278294 1
7.51155676627 20.4171720187 3.07300598313 12.6511262689 0
2.6241872848 5.35274558706 9.97404148577 20.9733829412 1
8.55320621165 20.8249881494 8.58722668784 14.7643861064 0
1.93528420578 4.52031341265 2.19404739396 19.3548535171 1
8.01286683502 12.7849881214 8.81188654901 18.1932138024 0
6.41913592889 9.92020998866 9.03902475865 14.5059809723 1
0.717137402776 11.9415412867 0.238433184227 18.9437106581 0
3.09774347416 9.96044347851 0.755767677143 18.310258812 1
7.52383908782 20.4242684857 7.28198177061 15.6258429727 0
0.40304114738 9.19762358526 8.63624619474 17.0774910198 1
9.43087150221 19.3227424158 9.14210009932 15.4367165398 0
7.66283698192 9.29158840669 3.57897757406 16.9859869049 1
8.23926105454 11.5159084344 7.29222254619 14.8035445321 0
2.46925515922 6.44288348072 1.53059773967 12.244101394 1
9.51697556254 20.2221198251 4.48195644098 11.3403569875 0
4.87578555791 2.07401490336 5.62984495319 18.6606920904 1
0.198839015063 16.3241256248 7.05680140912 14.1840059039 0
5.30667754281 8.40912763424 5.4396317845 18.7400354398 1
0.0846582760703 16.5151900431 6.08683796995 20.8575469993 0
9.10516469482 6.88004563324 8.93504578302 18.8887671573 1
9.20572564678 16.9399638026 5.82946372819 13.0452660805 0
7.06560858736 2.07616979455 0.356375134112 15.9014284235 1
6.37062009422 19.8893179038 1.38784853155 15.0638485334 0
5.0305181391 8.34301883078 9.28213091706 11.9747933012 1
0.356522944224 19.8923066834 1.74028257891 11.5280521429 0
4.53367666562 1.82055569072 2.13299505194 17.5473403729 1
8.60309876861 17.2903637079 2.98090209575 19.3676011008 0
0.486587367555 1.1952264579 9.10011534898 16.5799904521 1
8.51787831584 20.2271903948 5.44634450505 17.8357495134 0
9.03952018787 3.39141978622 5.67702901897 15.9549830677 1
5.50927058316 20.1909882284 7.57835647262 18.5107081011 0
1.14291559174 6.14076180175 0.538035189557 12.9396470239 1
9.10768453908 15.257467662 4.36132385967 14.4963447632 0
4.92615881692 3.07079713687 7.27778439987 16.2435100738 1
7.54471190402 17.8005595953 0.963126682103 11.5946702951 0
1.16325944906 7.63648001154 3.27290312894 13.5955879973 1
4.96135964953 14.6369048565 8.0879829878 14.3607059861 0
5.91984217473 2.59460277491 4.36353446637 12.8312402866 1
0.522624990646 20.0100271212 8.11960587858 18.43416643 0
2.14825522506 6.14522997054 5.36350551916 16.9619044984 1
4.17317892582 17.3794914957 9.53584682171 15.2977435177 0
6.66716583173 4.48126480315 3.7170629778 13.5581874855 1
4.59007961235 17.059498874 3.80970056392 13.1957618099 0
5.02533419647 6.57497356588 8.16015024853 15.1971349225 1
6.59457369852 13.8712683508 0.182540914066 18.2105949144 0
7.98898770583 4.00682939082 8.70359189982 16.8183119561 1
9.43659276716 16.3595216448 4.79886934816 20.8638352 0
8.40587451289 4.89058352132 9.58392837261 16.1670809803 1
8.65939135968 12.2095429213 6.66524762443 16.0565322754 0
9.27147702262 0.52380765957 5.99338843747 16.992809521 1
1.88578195103 12.6244130512 6.71557546534 14.9725480856 0
5.70576363579 2.10450804929 0.368283436071 11.9800149981 1
9.61757672898 11.5450810357 7.82200445918 17.6122426544 0
0.812938075295 4.2791362288 1.32388966504 12.0181019375 1
8.26080013474 13.7916000509 1.4239204641 15.479093732 0
9.77539457548 2.8310839949 1.56257548216 13.8300539755 1
5.91959616441 12.1713161634 2.20611213084 12.2359198125 0
8.46954667359 4.20499047152 5.96151244662 17.5684637453 1
6.68703110199 19.6402692432 3.69175724505 16.6466599666 0
1.618818315 0.460485041493 1.12747932161 11.613473674 1
5.07048762791 17.2903983296 7.79041766486 11.4587001545 0
2.17945026388 2.03239707498 1.9044206873 19.8345901911 1
2.2169450856 19.5497755002 6.90690775516 20.5429092764 0
6.91601014034 9.80386379306 2.59840288212 13.0825869316 1
8.02398686224 19.7664660346 7.65018863974 12.0687675099 0
3.6638482367 4.61549510041 6.90399520761 19.7732023895 1
8.96404351496 11.1003354995 3.36579242644 13.1880343358 0
6.5376119787 2.27309343853 5.40147352599 18.6358088731 1
2.92002766125 14.9642226068 7.16021588985 18.6702404689 0
6.53994405371 1.37776729022 2.60349762209 14.5217002883 1
0.34545761868 19.713166995 1.08439938294 13.0441377043 0
4.12341001789 3.0430015507 2.69335869308 19.6939460068 1
6.73471708664 13.5249188336 8.51784488128 12.78380066 0
9.13284321417 6.93851035717 8.53663152528 16.1330174658 1
6.0746381062 20.1919402033 5.20162722532 13.9772248162 0
6.82671657853 7.93355253458 8.11296518935 14.1097292985 1
2.71201748448 13.0392539774 2.60011179253 17.5782000635 0
0.93506164513 4.4631866673 5.15878341457 17.0824432828 1
6.79616161418 13.9944449581 1.20936262163 20.4059664793 0
7.32252456726 5.69582991704 1.44567998772 19.7416334529 1
1.02156811113 13.4495702903 7.84514144024 18.7605440583 0
3.76470346454 1.76772313033 1.55143403249 17.5109999401 1
5.2178911886 15.4178220325 1.69427791346 15.4893216011 0
4.71206423528 9.24298800706 7.887322859 17.0866848616 1
2.82802917848 11.6227740416 2.67628658752 16.7042844018 0
9.22801885958 3.36168287425 9.54421797757 20.1475806138 1
8.21469211772 19.9540112923 4.64629608794 20.1278988994 0
5.07508753873 5.30943190728 9.23464292286 14.9626810785 1
5.78618722414 13.9708209805 8.69616589139 12.1927141517 0
4.48436172387 2.40423001796 7.23515077583 16.3118206171 1
7.45616090449 15.5657420702 7.80542814805 15.1959724778 0
1.80261409001 5.07556673843 9.99530505043 19.6689071637 1
2.9036343563 15.1159796603 6.49551859689 16.8976564741 0
3.3942717839 3.09991095185 3.53465411328 19.6330410136 1
4.04259494638 15.2972702952 6.56084129637 18.0455573 0
2.92525450357 9.1689028505 5.24203593347 12.0172774139 1
8.93872833902 18.772396803 1.7147570708 19.328889751 0
3.87274321485 7.23413250213 0.0258145739272 14.7047735821 1
2.57475943312 11.8805240769 6.9313636436 19.9656119076 0
5.34874048017 0.689961245063 8.71204800958 17.0567390523 1
2.8747592545 12.2909779951 3.20626995811 14.5255687977 0
0.358165266409 7.9350347715 2.93884756326 16.6122241229 1
3.84784444959 12.3259188371 7.4445210392 20.2777803785 0
2.09756961636 8.29178114071 2.68272027964 16.8208845596 1
0.816631113378 11.0827847144 0.00726415634008 16.4771727829 0
1.27483285705 3.81821453773 8.94798241824 15.9854219565 1
5.16637731242 14.3577206829 4.1353784542 17.7801455872 0
8.87249939197 9.5466858336 2.95282586754 16.1039575646 1
3.35526972808 14.7189019417 4.96167172288 15.8479009083 0
6.18886737227 3.65602902809 3.25187381142 13.4610355465 1
5.30963063048 12.6288623772 2.78540562852 15.2295119747 0
9.84318700811 8.4027713239 6.78113350428 16.8047173224 1
5.76202320242 12.4343398926 0.984162565472 20.9129999592 0
7.25046141059 2.71640910408 2.78175325382 13.5680409849 1
1.76950713634 18.2679270343 1.78020421894 11.3937727608 0
1.73175469405 4.38568317438 7.21532300725 13.485274221 1
4.5023402237 20.8137421074 9.46062070895 19.1248788863 0
7.3021583146 5.86252688843 1.28860701946 19.0682020688 1
5.1674428048 14.076757668 6.58466352956 17.5834287312 0
3.94864858846 7.42289864923 1.55461464939 18.1124417616 1
0.794466456274 16.3048524072 5.48460361361 17.9817861266 0
6.53811426445 4.50407283454 1.48205409903 16.3484497564 1
0.826134242274 16.658358556 5.14609851307 12.0292525208 0
0.352540125811 1.02202587815 6.24023273246 12.795766503 1
3.09164592758 14.838215327 4.25888162355 18.0703063829 0
9.1646457705 0.117560191196 1.11856959496 12.9480821484 1
6.54594012236 14.7855730297 5.02773580626 15.8873803656 0
4.2360608766 3.14613739796 1.57815911557 14.5101453591 1
4.33645713784 19.2164114585 2.89321710702 13.2441076718 0
0.84063549244 1.09382070154 2.12671699439 20.2397547418 1
8.87184301591 15.1441514988 0.508036783709 14.7138490966 0
1.83583597205 2.06703966348 9.51341332411 20.6765530605 1
4.85135103254 13.4269688599 8.73078607581 12.2714263699 0
6.75019651304 5.51995873381 2.78752088676 14.6439513861 1
3.45339697497 14.0285847067 6.01965311725 14.6538146396 0
6.72294266356 8.52967219025 4.10022962032 19.2351802721 1
7.60747137825 19.344389966 9.76800746692 12.4466904467 0
6.98726040671 9.72457941128 9.1395444217 12.6523159436 1
7.88943353142 17.8106218749 1.09045161932 11.3824807223 0
0.323409056939 5.59690554207 1.29206065507 15.4242335723 1
4.31160876525 14.483305454 6.98869823445 16.578027844 0
4.21351898073 2.83936191369 9.38942718407 12.1812364363 1
6.0198459686 20.3559510594 4.24356523101 16.1385964493 0
1.02016657541 3.67958396789 7.3285081306 19.6973617435 1
6.3277720874 19.044709863 3.45685041257 15.8724252374 0
7.74407631798 8.44263142485 9.98240468108 18.2917008516 1
0.550915848714 19.7211597649 1.5159159063 11.2029911809 0
5.64905663194 0.31302150446 7.19824396303 17.4726568836 1
3.89770769521 12.0141117554 3.94693509175 12.3576121075 0
7.51651165901 7.60195076335 9.01131298773 12.0493286482 1
6.07947585328 17.2874190069 6.93918689172 14.3241663553 0
9.09297975498 7.04954027456 5.57107130855 15.7384813968 1
4.50116974414 18.9435007274 3.83725371799 19.2582750121 0
2.81132734433 2.24402435634 3.80570296076 18.2488458217 1
1.0821265082 20.5519942711 5.98442086904 11.656586254 0
1.45653018278 7.24444716835 5.56078714509 20.3840772452 1
2.62952902536 14.4065095481 7.44079598837 14.6223851145 0
3.761507797 2.34857992217 3.96032115089 17.2770719329 1
0.186795023001 13.1117532553 1.21856383885 17.4349755984 0
0.920341035382 7.03004655191 3.35902423584 16.465335077 1
0.376314324618 17.2724914995 8.82152159017 17.5823231273 0
1.42662337104 3.48149055311 9.62072080972 12.0930053277 1
2.54777582247 12.5211355648 5.51394585574 12.7623395357 0
1.76751281902 3.99451923716 2.9397724197 20.1648876244 1
2.62187769698 18.576794146 2.01446726705 20.8614876282 0
1.9361927135 7.74773925965 6.54018418182 16.2654312134 1
0.205234026946 14.4608638306 6.19023875132 13.9977464877 0
4.41406160542 1.77020512002 7.68440969899 15.2172682573 1
9.39776969984 18.9172977466 2.48388246492 16.028159748 0
7.96720719528 7.0849034266 6.21205143952 15.1321905311 1
4.1799291718 12.0444291022 7.44697394602 18.5494002138 0
6.49975598072 4.93469722929 1.32066817109 12.7423881779 1
6.73120766957 15.3979556686 2.67690624722 19.6358048252 0
6.64925381883 8.40135230259 0.393346558107 15.6475906553 1
1.9725868271 13.3845255455 2.16853116431 12.3903120678 0
0.924694644637 1.77461131219 3.78349015999 20.9555251247 1
9.03272743 18.0862591729 7.72116743708 14.3501561045 0
0.737193894829 6.09887724105 6.95511909334 17.7584802411 1
2.39961807058 17.4182208414 5.11454109877 17.2289813061 0
7.55671994855 2.23531265457 8.57752098818 19.5566310094 1
0.284366097165 13.8524159265 2.56919923218 11.2892484433 0
4.95169357909 1.52472996372 2.80429021249 16.0881444287 1
4.55448732818 18.5138307193 2.72362596947 14.1107284628 0
0.0944405085702 8.06437745714 1.8063970926 12.1569390836 1
1.81298103362 14.4208448487 9.29311434797 12.5249068247 0
7.48706929832 1.71708920051 4.34682459018 20.6602443034 1
2.98181738866 11.159427977 7.66002518019 13.6297624852 0
9.62904836555 7.99550640231 9.41774073338 15.9222741086 1
0.160857661869 15.1762882651 3.15259740432 12.6171306464 0
7.67478857505 5.06896771612 8.29733261072 16.0818805899 1
8.94729808401 17.1984312314 1.67689828177 14.5851794555 0
5.42196109608 9.92628578887 5.42088375145 13.4470009019 1
0.500962840574 17.0870236484 5.20873624657 19.5185757219 0
1.26714153421 7.27346782762 3.82298447393 15.8702621476 1
7.36524340688 18.1117139187 4.97829142587 14.415701577 0
6.39389320926 7.42749940893 6.64214387417 19.7430651581 1
3.88708867911 19.1697149397 5.78105459449 15.4943143936 0
3.24756093227 5.57929364652 6.65138112722 19.9529796999 1
5.3946337471 11.6950960158 5.09181262086 15.1092032527 0
6.70400456445 2.33038027836 6.00778043958 20.0266239347 1
8.13491007768 16.3415765096 1.86839887583 17.7644541573 0
8.76359753463 3.67968625096 3.95581221356 19.9459563352 1
5.91234592185 16.5497370584 3.97692544776 19.9230686632 0
2.57471780849 3.48803654394 2.40835732553 13.2726487 1
1.40519817441 18.8265214792 8.78397232212 13.5961117265 0
1.39315462257 0.177447955703 4.30930575326 14.9532364071 1
9.04854107101 17.3635684401 4.72808388789 18.2080060939 0
9.0658901426 2.34277770476 0.0710273465267 14.6938962202 1
0.978641600212 19.4911866293 6.6746184962 12.9675062475 0
3.08629570104 6.61475795958 2.75398632336 17.6118769139 1
1.55787109957 17.1477033126 5.97825284123 11.707750906 0
9.32378280959 2.48637532101 9.93986612361 12.3674074946 1
9.58724026728 11.9435232068 0.188999245027 16.0428447533 0
9.18360623168 0.632077359232 2.0925068138 14.2658308527 1
8.36103929072 15.2261300388 0.803291779496 14.9824982301 0
2.99303326873 4.48274758406 0.886291870955 19.2571133096 1
3.75619702543 17.967279679 4.74691806514 20.0902488439 0
9.23626774864 7.22150682065 8.18858423556 15.5447742113 1
2.64602573265 12.4736515639 6.81322570905 17.2708437899 0
2.7003238622 9.00814274579 1.92306316154 18.24112383 1
4.52023563238 18.6588744458 5.40283798501 11.4792712148 0
5.24032773208 4.35951835617 5.12069170455 11.7624416559 1
3.62862637705 12.1013251181 7.61989350784 12.1399695559 0
0.552768718851 6.82500268195 3.07569387259 16.5332556435 1
7.75671504006 16.604561473 9.57211917034 16.2903225705 0
1.4172625879 0.516177143521 4.05579056687 13.4249852923 1
8.15391085572 18.7634258991 7.77394294269 14.6911169593 0
6.45161742532 4.96304557973 4.01995116868 16.214843627 1
0.860827896708 14.1842079351 9.40721385808 11.4160853858 0
8.77511034489 4.59983518776 0.719623161975 13.7790490997 1
2.19638041528 12.2138388165 2.40418076897 13.0873867584 0
8.95848112197 1.14519982352 4.3875754541 14.5579723396 1
4.4693421136 16.5387633971 1.77829907808 14.3247460956 0
0.819937370051 5.11453124412 5.24145016179 16.1087558766 1
1.53586436103 17.4551041207 3.40356833189 17.5391896758 0
8.27391725752 4.52004777353 5.307783495 14.2368054635 1
3.93885424784 17.9874633222 0.33728618333 12.6030226762 0
8.93697260281 2.76365102164 7.82920124106 14.9094550977 1
3.90022886204 17.7880830067 8.01883593725 20.4649601951 0
4.81445285489 8.38748133202 8.84070266571 11.6089144564 1
2.29874145701 12.5500186114 3.12338521952 15.9440736174 0
4.0036532788 5.48212524901 7.22697049363 17.0897342197 1
5.16589743447 16.8276029155 1.12020997563 20.0717496493 0
9.04580582637 6.28989678851 8.39083805188 19.4203681799 1
4.67652758728 11.2524064648 0.0321039028079 14.0992154031 0
7.16427798379 1.86951937986 2.33943172405 20.7973714536 1
0.450980686367 19.9019098781 0.67067383333 17.9225675145 0
7.51736886595 4.79312540596 6.5468326703 14.979451876 1
7.01572048706 20.5375535699 4.39336005693 15.7203364046 0
9.61083027217 8.65910029408 4.29461039876 13.1779917957 1
3.48718951049 18.3415577153 4.87143761393 12.5574835663 0
2.16276967901 9.64406117498 5.87229609904 20.6882888208 1
3.37264458159 15.6591398959 6.10166336071 13.6933240513 0
0.523572835292 8.71589224696 7.70022020325 16.9251252211 1
3.26273253873 19.5202024961 5.5599580699 16.8257155048 0
9.02429990452 2.63542955268 9.80907118757 11.7190586381 1
2.67285436258 16.7256251262 0.0854879166199 14.0981864427 0
4.91190563768 3.39037348084 7.31565104324 13.7494674271 1
3.30002974199 14.5112877099 8.84063733543 18.0361742435 0
0.0944835357538 2.88352880017 2.40969720336 20.9992590975 1
0.170713619601 20.8945087197 1.07483545405 18.7396520544 0
3.43674036491 5.07365796723 9.41643643516 14.3950369709 1
8.39890430391 12.5218386147 7.68190066158 19.5276344165 0
0.337433875395 1.12000427547 4.87953749581 20.4193569606 1
4.65559088407 20.3144095758 7.82813114367 14.0927572663 0
0.0311541583336 1.32937643816 9.53159216926 18.983503671 1
6.54595639637 14.2720360363 2.24076151709 17.4087074356 0
1.48294673715 8.96697087672 5.31158608117 12.9403469473 1
8.68452017998 19.6124987463 7.56636677667 11.2092704333 0
9.50092499247 9.52564684529 1.82705328728 11.5147164083 1
5.31366147598 18.6381569894 2.72221261419 18.2618026565 0
2.03018372523 6.01418796391 1.06296491546 20.3576286578 1
4.68124048032 18.2007546796 2.037833891 14.2420354471 0
4.80150140927 0.75817084905 9.21270774255 11.6885035631 1
2.02355777418 16.7258900104 6.50533018071 16.5259555359 1
5.54092120932 1.91059164698 3.90506688111 20.6212796573 1
2.34383790815 16.9828428326 1.84321835119 17.6100607398 0
8.37078398505 2.74303769441 7.69446971063 15.0453595883 1
8.58822110616 12.9135797052 4.86232458344 13.3389158745 1
3.0993736594 7.05926726565 5.53210529089 13.949330527 1
7.68013858374 19.8769526879 6.16619293933 13.1907938383 0
7.83036162693 2.61372193735 0.591489052132 20.5000202184 1
9.59329663154 13.1671907747 1.42483651209 15.0101396272 0
2.28269591019 2.82726965803 3.75057295026 18.340709389 1
8.76238131131 20.8723498656 0.389743621038 16.8959841525 0
2.9565612817 5.85662570012 8.7989832677 11.5668818161 1
1.45369497671 16.0349271345 7.60757377534 13.8867681169 0
